Data    	0-9	10-19	20-29	30-39	40-49	50-59	60-69	70-79	80-89	>89
28/07/20	2534	4353	14950	20125	32411	43837	32565	34560	41860	19212
04/08/20	2647	4517	15353	20436	32715	44096	32700	34673	41938	19247
11/08/20	2784	4964	15911	20847	33082	44392	32887	34788	42011	19286
25/08/20	3139	6405	18834	22218	34115	45460	33392	35099	42255	19369
01/09/20	3437	7495	21547	23609	35124	46546	33914	35411	42477	19460
08/09/20	3889	8411	23674	25160	36627	48011	34675	35868	42721	19534
15/09/20	4453	9321	25607	26734	38193	49663	35591	36430	43066	19643
22/09/20	5074	10261	27284	28366	39857	51318	36620	37016	43439	19747
29/09/20	5839	11372	29157	30022	41658	53298	37810	37723	43880	19893
06/10/20	6924	13209	31734	32384	44161	55978	39429	38786	44593	20156
13/10/20	8863	17040	36454	36701	48908	60958	42289	40639	46005	20619
20/10/20	11959	25158	45479	45135	58411	71016	48156	44235	48642	21545
27/10/20	17115	39862	62925	61176	77187	91208	59521	51553	54214	23462
07/11/20	29237	73182	104884	101273	128357	146908	90879	71995	69340	28400
11/11/20	34309	85064	122052	118862	151099	172707	105716	82135	76991	30926
18/11/20	43841	105378	152657	150360	193504	220532	134416	102186	92089	36266
25/11/20	51938	122212	178532	178453	230654	262420	160621	121048	107062	41474
02/12/20	59044	135691	197408	199230	258316	293397	180294	135507	119097	46160
09/12/20	64888	146376	211943	215097	279227	316545	195331	146577	128712	49895
16/12/20	69974	155420	224352	228545	297069	336489	207996	156264	137208	53203
22/12/20	74520	163404	235677	240471	312629	353402	219220	164483	143620	55476
29/12/20	78664	170048	245458	251226	326571	368635	229200	172071	149953	57988
05/01/21	83551	179103	258573	265546	344029	387765	242095	181467	157102	60413
13/01/21	89554	191106	275565	282969	365323	411151	257718	193150	166285	63504
